54, 234, 180
67, 233, 171
64, 236, 187
65, 236, 174
55, 235, 175
58, 235, 173
49, 238, 178
52, 238, 175
58, 235, 182
58, 238, 178
109, 239, 179
63, 236, 174
67, 237, 177
62, 236, 177
59, 235, 175
55, 238, 176
57, 238, 178
55, 235, 179
67, 236, 189
84, 236, 175
60, 235, 183
54, 238, 177
83, 237, 189
53, 237, 178
44, 236, 177
48, 236, 178
57, 235, 177
54, 234, 179
53, 233, 180
52, 234, 176
80, 237, 178
58, 237, 181
51, 236, 179
50, 232, 178
91, 234, 174
60, 235, 178
97, 228, 176
78, 236, 175
80, 230, 174
62, 239, 177
55, 238, 175
47, 237, 178
57, 238, 177
58, 234, 175
86, 236, 175
63, 232, 171
62, 234, 183
54, 237, 175
63, 236, 177
52, 229, 178
90, 235, 175
61, 239, 177
56, 234, 179
54, 238, 176
75, 238, 192
51, 237, 175
49, 237, 176
48, 236, 177
56, 235, 180
50, 236, 179
56, 238, 176
75, 234, 176
55, 238, 179
64, 236, 185
54, 233, 182
75, 235, 177
68, 234, 175
56, 231, 182
65, 235, 185
72, 237, 178
54, 237, 179
58, 237, 180
61, 235, 174
53, 236, 180
61, 235, 183
56, 234, 174
70, 237, 178
60, 238, 182
74, 233, 173
58, 233, 173
56, 235, 175
58, 236, 175
57, 237, 180
59, 237, 182
81, 235, 174
73, 235, 179
70, 234, 172
48, 231, 178
69, 236, 175
72, 237, 191
71, 236, 177
60, 238, 177
71, 237, 178
56, 235, 179
61, 234, 182
57, 237, 175
74, 236, 178
65, 235, 175
65, 235, 184
60, 234, 175
59, 238, 178
74, 237, 179
62, 234, 186
79, 233, 180
61, 235, 182
76, 234, 183
60, 237, 176
58, 236, 174
55, 237, 177
57, 237, 179
59, 237, 181
52, 236, 179
67, 238, 177
61, 235, 177
49, 235, 177
48, 238, 176
56, 237, 179
100, 235, 175
55, 236, 180
57, 236, 182
69, 231, 171
59, 236, 184
66, 238, 177
72, 236, 175
46, 236, 177
95, 237, 176
51, 238, 177
56, 237, 174
92, 229, 175
62, 237, 177
73, 236, 177
77, 236, 178
52, 232, 181
51, 234, 175
50, 238, 178
100, 241, 186
53, 235, 178
68, 236, 177
65, 233, 172
60, 236, 187
69, 235, 177
77, 235, 181
103, 241, 187
59, 236, 174
57, 236, 181
59, 236, 183
65, 234, 172
60, 233, 172
58, 238, 177
72, 236, 174
54, 235, 179
83, 238, 180
51, 238, 176
70, 236, 174
50, 234, 175
60, 236, 182
98, 237, 177
59, 233, 173
72, 232, 172
73, 236, 185
72, 235, 177
63, 234, 177
52, 238, 178
45, 237, 177
63, 236, 186
81, 237, 177
89, 240, 181
71, 234, 186
62, 233, 174
60, 236, 177
71, 235, 187
66, 234, 178
56, 237, 177
48, 237, 178
67, 236, 174
49, 238, 176
52, 234, 175
58, 235, 180
64, 237, 177
58, 238, 176
51, 234, 178
62, 236, 175
94, 230, 176
54, 235, 178
62, 233, 178
76, 236, 181
65, 233, 175
56, 236, 180
50, 233, 178
57, 238, 176
62, 231, 181
73, 236, 175
50, 237, 175
67, 233, 173
75, 236, 177
97, 230, 177
74, 234, 173
52, 238, 177
69, 233, 173
58, 238, 180
65, 237, 177
63, 236, 176
61, 236, 183
60, 235, 181
62, 235, 183
54, 238, 175
64, 233, 174
55, 234, 181
76, 236, 176
53, 237, 176
54, 230, 180
78, 236, 187
48, 236, 176
60, 239, 178
66, 236, 187
55, 238, 178
58, 234, 178
64, 236, 175
73, 235, 174
75, 235, 176
49, 238, 175
64, 237, 176
61, 233, 173
61, 233, 182
78, 232, 176
58, 237, 179
62, 235, 178
64, 233, 178
51, 237, 178
77, 235, 174
56, 238, 179
67, 233, 172
62, 232, 172
84, 232, 175
52, 234, 178
61, 236, 182
72, 237, 190
48, 232, 178
50, 232, 180
60, 238, 176
89, 228, 174
68, 237, 188
70, 237, 190
66, 236, 177
56, 235, 178
60, 239, 177
57, 235, 174
66, 233, 171
57, 238, 179
59, 235, 185
80, 236, 174
54, 234, 176
73, 235, 182
51, 232, 179
67, 235, 185
59, 238, 177
62, 234, 176
52, 237, 175
71, 233, 175
58, 237, 178
69, 236, 187
55, 234, 175
54, 238, 178
49, 237, 178
88, 236, 175
56, 238, 178
73, 234, 176
58, 236, 182
69, 237, 178
66, 233, 175
55, 237, 176
57, 237, 178
66, 233, 184
86, 228, 177
73, 235, 177
54, 236, 180
72, 236, 188
45, 235, 177
60, 234, 178
59, 238, 181
56, 234, 185
87, 233, 178
82, 232, 178
66, 236, 176
56, 235, 177
59, 237, 175
63, 232, 172
77, 237, 192
65, 235, 173
50, 239, 177
60, 234, 173
61, 238, 177
59, 238, 176
62, 234, 175
63, 235, 183
54, 237, 176
58, 237, 177
69, 236, 177
46, 237, 177
59, 234, 178
64, 232, 171
62, 237, 185
55, 237, 175
86, 236, 180
54, 233, 183
62, 234, 179
56, 234, 175
68, 237, 177
56, 234, 184
55, 236, 178
88, 236, 178
64, 235, 177
83, 231, 180
55, 237, 179
57, 237, 181
74, 236, 175
71, 232, 172
61, 238, 176
51, 238, 175
69, 236, 176
71, 236, 178
47, 235, 177
69, 235, 180
64, 234, 180
60, 237, 182
62, 237, 184
64, 238, 177
51, 235, 178
67, 234, 177
81, 234, 184
50, 238, 176
59, 237, 178
64, 239, 178
81, 238, 181
53, 235, 176
70, 236, 177
62, 233, 182
105, 239, 178
78, 234, 177
59, 232, 184
47, 238, 177
95, 241, 184
64, 234, 184
56, 237, 176
92, 240, 183
57, 236, 179
100, 238, 177
66, 235, 178
53, 234, 179
85, 239, 180
87, 239, 182
62, 236, 174
54, 235, 177
73, 237, 179
53, 238, 176
76, 236, 189
47, 235, 176
71, 235, 181
66, 234, 181
56, 237, 180
66, 238, 178
52, 238, 176
53, 234, 174
78, 233, 176
58, 238, 179
80, 235, 179
46, 236, 178
61, 237, 174
51, 238, 178
48, 234, 175
62, 233, 172
61, 237, 183
76, 236, 175
56, 236, 174
63, 237, 176
88, 230, 182
81, 237, 193
82, 231, 174
65, 233, 178
92, 239, 181
69, 235, 183
64, 234, 174
63, 238, 177
57, 235, 183
50, 237, 178
67, 233, 185
58, 235, 178
61, 233, 172
98, 241, 185
65, 237, 189
54, 235, 176
69, 234, 177
53, 238, 175
56, 233, 173
56, 236, 178
53, 237, 179
59, 232, 178
64, 234, 178
79, 235, 190
79, 238, 195
61, 240, 188
73, 235, 186
74, 238, 187
64, 237, 188
86, 237, 191
73, 239, 192
72, 238, 193
78, 236, 194
77, 235, 186
70, 238, 190
67, 233, 184
62, 240, 188
65, 236, 187
74, 234, 184
77, 239, 188
72, 238, 188
65, 239, 188
67, 239, 190
71, 237, 189
69, 240, 192
67, 240, 191
81, 239, 196
79, 235, 189
85, 237, 195
64, 236, 186
80, 236, 195
84, 238, 197
89, 239, 199
74, 233, 192
76, 238, 191
70, 238, 189
75, 234, 190
80, 236, 190
75, 235, 191
67, 238, 188
74, 240, 190
71, 236, 187
63, 239, 188
67, 239, 189
69, 240, 191
81, 239, 195
78, 235, 192
78, 239, 189
75, 235, 186
72, 237, 187
72, 240, 192
66, 240, 190
80, 239, 195
74, 240, 194
76, 234, 193
70, 237, 187
89, 241, 199
72, 241, 193
68, 241, 191
71, 240, 193
83, 238, 196
72, 237, 191
70, 236, 190
74, 240, 189
63, 239, 187
75, 238, 191
79, 234, 186
68, 240, 190
70, 240, 192
77, 237, 194
77, 240, 190
74, 236, 187
65, 235, 184
81, 238, 189
59, 238, 187
72, 240, 191
74, 240, 193
60, 237, 185
77, 236, 188
69, 239, 189
71, 239, 191
77, 237, 189
77, 240, 194
71, 240, 192
85, 239, 197
73, 237, 187
68, 236, 187
80, 239, 198
72, 239, 190
69, 235, 187
74, 239, 192
90, 237, 191
78, 237, 191
76, 240, 194
75, 236, 193
67, 234, 184
70, 240, 191
80, 238, 192
83, 238, 190
73, 237, 191
65, 241, 190
80, 239, 193
72, 239, 194
61, 241, 188
62, 237, 186
84, 237, 189
76, 240, 189
72, 232, 182
73, 236, 186
66, 235, 185
71, 239, 190
64, 238, 188
68, 240, 193
79, 240, 195
82, 238, 189
81, 237, 196
76, 236, 187
73, 232, 184
75, 240, 190
72, 239, 189
70, 239, 190
90, 239, 200
85, 238, 191
69, 238, 191
78, 237, 190
70, 240, 190
74, 238, 195
62, 236, 185
70, 235, 188
58, 239, 187
81, 237, 191
73, 240, 192
75, 240, 194
71, 238, 188
63, 241, 189
78, 237, 194
65, 236, 186
79, 239, 190
74, 238, 190
78, 240, 195
67, 237, 189
75, 239, 188
74, 235, 193
75, 240, 189
72, 239, 188
70, 239, 189
74, 239, 190
67, 240, 190
92, 239, 201
69, 238, 190
78, 237, 189
63, 240, 188
73, 236, 189
73, 235, 193
72, 234, 185
86, 237, 189
88, 237, 191
74, 238, 194
73, 239, 190
75, 239, 192
98, 244, 197
76, 236, 190
73, 240, 191
75, 240, 193
57, 238, 185
84, 239, 197
69, 237, 189
57, 239, 186
79, 239, 189
63, 236, 185
78, 240, 194
73, 239, 194
71, 234, 185
71, 237, 187
69, 240, 190
60, 239, 187
73, 235, 192
95, 235, 195
73, 238, 188
74, 234, 186
73, 239, 189
66, 240, 189
68, 238, 189
72, 241, 192
71, 237, 191
67, 240, 193
73, 234, 186
78, 238, 191
69, 237, 188
70, 241, 192
76, 239, 190
72, 240, 195
83, 239, 196
68, 237, 188
62, 238, 187
84, 238, 190
66, 236, 186
80, 236, 192
91, 241, 193
83, 240, 196
76, 239, 194
73, 238, 187
67, 235, 185
65, 238, 188
67, 238, 190
72, 240, 190
69, 236, 187
61, 239, 188
65, 239, 189
67, 239, 191
75, 238, 194
71, 237, 190
90, 240, 200
69, 240, 193
78, 238, 190
70, 241, 191
92, 241, 194
72, 236, 188
71, 240, 191
64, 239, 189
72, 237, 189
74, 237, 191
66, 240, 192
68, 237, 187
84, 235, 193
73, 234, 189
61, 238, 186
73, 237, 190
67, 238, 189
72, 237, 193
72, 240, 189
76, 234, 190
82, 240, 195
84, 237, 197
71, 239, 189
94, 238, 198
64, 238, 187
68, 233, 184
68, 240, 192
82, 236, 188
70, 240, 194
72, 236, 187
71, 240, 190
74, 236, 189
64, 239, 188
86, 239, 191
67, 235, 188
81, 238, 191
73, 237, 194
70, 236, 187
75, 241, 194
72, 240, 193
80, 239, 196
70, 237, 188
76, 237, 196
77, 236, 190
69, 239, 191
77, 237, 191
72, 236, 191
71, 240, 194
80, 238, 190
58, 239, 186
60, 240, 188
58, 240, 187
76, 237, 191
79, 236, 187
73, 236, 193
66, 238, 188
65, 234, 184
68, 240, 191
79, 237, 188
70, 240, 193
67, 237, 188
74, 236, 188
86, 239, 190
73, 237, 193
75, 240, 188
70, 239, 188
71, 235, 186
71, 238, 191
85, 238, 198
75, 236, 190
69, 239, 190
77, 239, 190
94, 241, 193
72, 238, 190
81, 237, 189
73, 240, 190
68, 239, 190
88, 234, 193
75, 236, 194
74, 238, 188
67, 237, 187
77, 239, 194
72, 238, 194
59, 240, 187
75, 240, 196
74, 239, 188
72, 239, 195
69, 238, 188
87, 238, 199
76, 240, 190
75, 236, 189
62, 240, 189
64, 240, 189
73, 239, 188
75, 239, 190
68, 238, 188
90, 238, 200
73, 240, 189
68, 239, 189
70, 239, 191
67, 240, 192
77, 235, 191
58, 234, 172
73, 236, 182
55, 235, 175
87, 235, 188
80, 234, 186
58, 235, 173
58, 238, 178
64, 237, 188
64, 240, 184
62, 236, 177
64, 241, 185
61, 237, 182
50, 236, 176
77, 235, 186
62, 239, 178
99, 237, 193
58, 234, 176
64, 236, 182
63, 240, 185
73, 235, 181
67, 236, 180
97, 230, 188
59, 239, 181
69, 233, 184
63, 236, 178
61, 236, 185
89, 235, 189
83, 236, 188
68, 235, 182
57, 234, 176
66, 236, 180
60, 239, 180
70, 238, 185
66, 233, 174
58, 234, 180
87, 237, 197
67, 236, 184
64, 237, 187
86, 237, 190
61, 236, 180
70, 235, 179
61, 239, 182
67, 239, 185
58, 233, 174
50, 236, 175
69, 237, 181
58, 234, 175
67, 233, 174
63, 240, 184
67, 235, 183
58, 237, 176
63, 236, 177
74, 237, 185
83, 236, 187
53, 236, 176
59, 231, 172
55, 234, 173
60, 238, 178
84, 235, 187
68, 237, 190
66, 236, 179
60, 239, 179
62, 239, 181
88, 236, 191
62, 231, 177
77, 238, 182
64, 239, 187
68, 234, 184
101, 237, 193
59, 238, 179
80, 237, 186
92, 234, 189
62, 235, 179
67, 239, 184
60, 238, 182
58, 233, 173
71, 237, 183
56, 235, 175
66, 236, 183
58, 236, 175
48, 235, 176
60, 241, 183
60, 242, 184
61, 238, 184
53, 236, 175
66, 240, 185
69, 236, 184
60, 238, 177
110, 240, 198
56, 235, 179
96, 233, 189
78, 235, 191
60, 230, 169
51, 235, 177
61, 234, 182
59, 237, 177
75, 237, 186
52, 236, 175
72, 236, 185
59, 238, 178
71, 236, 181
61, 239, 180
63, 239, 182
68, 237, 184
60, 237, 176
62, 237, 187
87, 236, 189
57, 236, 178
48, 235, 175
78, 238, 182
64, 235, 184
66, 238, 182
62, 241, 184
65, 235, 179
63, 235, 180
61, 238, 183
60, 234, 179
70, 236, 180
68, 236, 187
61, 235, 177
63, 239, 177
58, 232, 172
60, 237, 180
61, 241, 184
59, 236, 175
58, 236, 178
65, 242, 186
59, 237, 176
75, 237, 185
54, 236, 176
61, 238, 178
53, 235, 174
81, 238, 188
109, 240, 198
60, 240, 181
71, 235, 184
66, 234, 184
57, 236, 177
84, 237, 189
59, 236, 179
72, 235, 178
64, 235, 183
61, 234, 176
58, 235, 177
62, 241, 183
59, 237, 180
67, 237, 190
62, 236, 181
58, 231, 170
56, 233, 172
61, 237, 186
56, 236, 177
60, 236, 178
59, 240, 181
58, 232, 171
71, 235, 179
64, 234, 177
95, 222, 182
69, 238, 191
60, 237, 179
61, 241, 183
71, 238, 193
89, 233, 188
62, 229, 177
64, 235, 178
62, 240, 183
72, 235, 182
74, 238, 195
65, 237, 183
65, 233, 176
57, 236, 176
59, 236, 178
73, 236, 185
55, 235, 178
59, 239, 180
58, 235, 176
86, 238, 190
83, 234, 187
53, 234, 176
60, 232, 171
61, 236, 184
54, 235, 174
53, 235, 177
56, 236, 176
60, 236, 177
61, 241, 182
86, 234, 188
71, 238, 192
58, 235, 180
60, 232, 175
61, 236, 179
54, 235, 178
74, 235, 188
61, 237, 180
91, 234, 191
63, 237, 182
65, 233, 175
59, 235, 182
58, 234, 174
61, 240, 181
68, 234, 179
59, 239, 179
72, 234, 180
58, 235, 175
58, 238, 180
68, 235, 180
62, 236, 179
68, 238, 185
56, 236, 175
58, 233, 177
78, 236, 187
57, 235, 175
62, 239, 180
59, 235, 177
69, 237, 184
58, 234, 178
62, 240, 181
65, 236, 180
75, 235, 185
61, 236, 178
81, 236, 188
60, 235, 176
71, 234, 180
60, 238, 181
58, 233, 172
56, 235, 174
60, 239, 182
62, 239, 184
79, 238, 187
61, 240, 180
64, 236, 179
79, 238, 196
68, 234, 178
60, 242, 183
62, 242, 185
83, 236, 194
68, 238, 184
63, 239, 186
65, 231, 181
57, 234, 173
85, 234, 191
57, 235, 174
59, 235, 176
69, 237, 183
74, 234, 185
59, 238, 177
65, 238, 188
67, 238, 190
58, 237, 178
72, 237, 185
61, 235, 181
61, 239, 179
62, 235, 177
60, 238, 180
68, 237, 183
57, 234, 177
70, 237, 185
71, 237, 190
66, 236, 181
64, 236, 178
57, 237, 178
80, 236, 187
73, 235, 177
65, 235, 178
89, 238, 191
65, 238, 183
69, 236, 182
71, 236, 184
61, 239, 183
65, 239, 184
63, 239, 185
76, 234, 186
57, 234, 172
62, 238, 186
90, 237, 190
84, 238, 189
71, 237, 185
58, 236, 177
61, 242, 184
93, 234, 190
54, 236, 175
75, 237, 193
61, 238, 177
67, 235, 184
93, 237, 191
67, 238, 189
58, 237, 177
51, 236, 175
61, 239, 178
62, 238, 181
60, 230, 171
65, 234, 176
64, 238, 187
57, 237, 177
62, 241, 182
59, 237, 179
67, 235, 179
62, 242, 183
61, 238, 181
59, 238, 180
73, 237, 185
67, 238, 184
69, 236, 181
60, 237, 178
62, 237, 180
55, 236, 178
58, 236, 176
72, 235, 181
61, 242, 183
64, 238, 182
63, 242, 185
66, 238, 184
82, 235, 187
64, 239, 183
63, 235, 182
68, 236, 180
69, 238, 185
60, 237, 182
62, 237, 184
57, 236, 175
59, 236, 177
73, 236, 184
75, 236, 186
50, 235, 174
72, 235, 185
60, 230, 170
64, 238, 186
59, 237, 178
52, 236, 176
101, 239, 194
61, 238, 180
58, 232, 178
64, 234, 184
61, 241, 181
60, 237, 177
76, 237, 186
55, 236, 177
57, 236, 179
72, 235, 180
66, 238, 183
72, 236, 181
67, 237, 183
54, 235, 177
62, 236, 183
61, 237, 179
70, 236, 181
62, 233, 177
63, 237, 181
60, 236, 180
69, 235, 179
69, 238, 184
60, 237, 181
88, 234, 193
73, 236, 183
77, 236, 184
59, 236, 176
79, 236, 186
87, 235, 189
58, 235, 174
94, 237, 191
58, 238, 179
82, 235, 190
62, 236, 178
61, 237, 183
59, 232, 174
78, 236, 186
60, 240, 182
64, 234, 183
66, 234, 185
65, 236, 179
52, 234, 173
58, 235, 178
61, 233, 181
61, 236, 177
63, 236, 179
67, 237, 182
61, 236, 186
65, 240, 185
60, 236, 179
60, 239, 181
65, 243, 186
59, 235, 180
126, 246, 222
118, 249, 223
129, 246, 220
118, 241, 219
118, 252, 228
115, 248, 225
128, 239, 212
126, 242, 215
119, 251, 228
138, 240, 210
119, 244, 216
121, 247, 223
117, 250, 225
120, 248, 219
121, 248, 224
133, 239, 215
130, 246, 221
116, 247, 224
123, 245, 219
125, 245, 221
119, 251, 223
125, 246, 222
126, 245, 221
138, 240, 214
121, 247, 218
130, 242, 219
120, 248, 223
120, 240, 219
126, 246, 221
118, 252, 227
115, 248, 224
132, 244, 222
123, 248, 225
126, 242, 214
141, 244, 209
119, 247, 220
118, 248, 225
115, 244, 222
118, 251, 227
125, 242, 215
125, 234, 211
130, 239, 208
124, 244, 218
118, 247, 220
119, 243, 218
124, 247, 223
126, 241, 213
131, 246, 220
129, 241, 211
122, 240, 218
121, 244, 221
122, 251, 227
147, 246, 228
136, 243, 222
119, 247, 224
137, 244, 211
117, 241, 219
133, 239, 209
147, 242, 212
120, 251, 224
128, 241, 211
117, 242, 220
131, 245, 223
113, 245, 224
123, 248, 224
118, 247, 224
121, 251, 228
127, 245, 221
131, 246, 224
116, 250, 228
113, 246, 225
142, 244, 223
115, 243, 220
119, 246, 223
135, 244, 213
133, 242, 219
116, 242, 220
142, 248, 229
118, 251, 226
120, 243, 215
114, 246, 224
145, 248, 213
126, 244, 218
124, 244, 217
142, 247, 215
124, 247, 222
131, 246, 219
126, 245, 219
116, 249, 227
134, 239, 206
145, 241, 209
121, 246, 220
119, 249, 223
137, 236, 215
123, 247, 222
124, 243, 220
121, 250, 226
119, 242, 220
113, 245, 223
137, 239, 216
115, 247, 226
118, 247, 223
117, 248, 226
116, 249, 222
132, 239, 208
128, 244, 220
120, 239, 217
118, 242, 220
140, 240, 213
114, 245, 222
117, 245, 220
118, 251, 225
142, 243, 217
136, 246, 217
138, 238, 215
133, 245, 219
126, 244, 217
130, 233, 212
114, 248, 223
116, 248, 225
113, 244, 222
140, 244, 215
121, 245, 218
125, 243, 217
118, 250, 228
130, 240, 210
144, 247, 228
127, 241, 213
117, 247, 224
144, 240, 216
143, 248, 214
115, 249, 226
137, 239, 206
126, 243, 216
132, 246, 219
125, 239, 215
117, 248, 225
124, 246, 220
121, 245, 222
126, 247, 222
123, 243, 219
128, 240, 212
119, 252, 228
142, 243, 216
119, 241, 218
125, 247, 223
118, 246, 221
122, 246, 222
132, 237, 214
120, 246, 223
116, 249, 225
125, 243, 216
114, 247, 226
144, 244, 213
129, 246, 219
133, 241, 216
130, 240, 209
124, 245, 219
115, 249, 225
141, 241, 216
136, 240, 216
114, 248, 226
129, 239, 215
137, 242, 216
142, 238, 217
121, 245, 221
119, 248, 221
118, 242, 218
117, 251, 225
117, 243, 221
138, 245, 216
120, 252, 224
122, 245, 221
126, 242, 218
125, 246, 221
126, 243, 219
118, 246, 220
120, 246, 222
127, 236, 213
115, 245, 222
117, 250, 228
136, 244, 217
119, 248, 225
126, 246, 220
114, 247, 225
118, 249, 221
123, 245, 222
127, 243, 221
123, 246, 223
115, 249, 224
119, 247, 219
135, 245, 218
136, 244, 212
118, 248, 224
115, 244, 221
129, 245, 221
133, 239, 213
118, 249, 225
120, 249, 227
138, 244, 210
122, 245, 220
115, 248, 227
128, 239, 214
131, 235, 213
116, 250, 223
117, 246, 221
132, 240, 218
124, 237, 214
119, 247, 223
136, 243, 221
116, 243, 220
117, 250, 227
120, 248, 221
128, 246, 221
130, 246, 223
123, 245, 221
120, 241, 218
115, 248, 222
134, 244, 222
124, 244, 221
119, 251, 225
116, 250, 227
113, 246, 224
122, 248, 225
127, 246, 221
117, 250, 222
120, 248, 225
142, 248, 228
134, 243, 216
135, 247, 226
114, 246, 223
115, 247, 221
118, 244, 221
146, 242, 216
121, 247, 224
140, 240, 208
124, 243, 219
142, 241, 211
125, 245, 222
126, 244, 221
124, 244, 220
115, 247, 225
122, 247, 223
119, 243, 220
126, 241, 215
138, 242, 216
116, 250, 226
113, 246, 223
126, 245, 222
120, 244, 218
132, 239, 207
130, 242, 220
143, 244, 215
123, 244, 220
118, 251, 224
139, 245, 224
119, 250, 227
128, 241, 213
122, 247, 218
129, 241, 217
120, 247, 224
115, 246, 224
140, 240, 216
125, 244, 217
122, 243, 216
118, 251, 228
122, 235, 212
128, 241, 217
115, 247, 224
140, 247, 215
127, 242, 213
117, 248, 224
134, 238, 216
120, 247, 219
121, 246, 222
116, 245, 222
122, 243, 220
127, 241, 216
119, 250, 226
114, 246, 221
121, 250, 228
128, 241, 212
135, 239, 207
135, 239, 216
134, 246, 224
122, 246, 221
127, 245, 222
124, 246, 223
120, 247, 223
137, 246, 217
118, 250, 226
115, 246, 223
132, 245, 217
126, 240, 213
131, 244, 218
117, 247, 222
135, 239, 211
129, 240, 210
123, 240, 216
136, 241, 216
143, 240, 216
128, 244, 217
131, 240, 216
128, 247, 222
129, 243, 220
142, 239, 217
119, 246, 219
120, 250, 223
121, 246, 221
133, 241, 219
139, 243, 216
123, 244, 218
125, 244, 220
123, 247, 223
137, 238, 216
133, 245, 216
115, 249, 228
148, 244, 217
120, 246, 221
124, 246, 222
116, 249, 223
128, 244, 221
118, 250, 225
115, 246, 222
120, 250, 227
137, 246, 225
117, 251, 228
134, 245, 218
116, 244, 220
113, 243, 222
123, 246, 222
133, 244, 215
116, 248, 226
128, 243, 215
117, 240, 218
118, 246, 223
115, 242, 220
142, 238, 215
119, 245, 217
127, 244, 220
131, 240, 215
120, 250, 222
124, 245, 221
115, 248, 226
114, 244, 222
123, 246, 217
115, 249, 227
116, 248, 221
132, 240, 217
123, 242, 219
122, 238, 215
119, 240, 219
114, 247, 223
136, 247, 226
125, 242, 217
116, 247, 225
120, 249, 221
123, 245, 220
127, 243, 219
130, 239, 210
123, 246, 221
129, 242, 218
121, 249, 225
119, 241, 219
118, 248, 222
132, 241, 212
139, 243, 214
144, 247, 219
144, 250, 221
128, 242, 208
127, 247, 211
125, 247, 210
128, 243, 209
130, 243, 211
124, 241, 209
122, 244, 212
125, 245, 212
129, 246, 215
127, 243, 209
128, 239, 207
130, 239, 209
126, 242, 210
118, 245, 211
129, 242, 208
132, 240, 211
143, 242, 214
123, 249, 212
145, 242, 216
123, 241, 208
118, 248, 212
134, 240, 209
135, 247, 215
132, 243, 212
126, 246, 212
116, 247, 210
125, 242, 211
132, 244, 213
149, 243, 216
144, 242, 216
118, 244, 210
129, 241, 207
124, 248, 211
124, 240, 207
127, 246, 214
133, 242, 211
135, 244, 214
124, 241, 208
119, 248, 212
122, 244, 211
114, 247, 212
147, 242, 217
138, 247, 217
123, 245, 209
124, 244, 209
122, 247, 212
126, 242, 209
131, 246, 211
126, 245, 211
128, 245, 213
131, 238, 206
123, 241, 207
125, 241, 209
140, 248, 214
127, 239, 206
137, 247, 216
126, 246, 211
130, 246, 215
123, 245, 213
128, 241, 211
134, 244, 214
143, 251, 221
141, 243, 216
126, 241, 208
118, 244, 209
130, 245, 210
143, 244, 217
126, 244, 209
125, 248, 212
144, 242, 210
132, 246, 216
126, 245, 210
128, 245, 212
122, 240, 208
138, 243, 214
125, 244, 210
129, 244, 211
116, 246, 212
133, 245, 215
126, 244, 213
137, 239, 207
124, 244, 212
127, 245, 211
118, 244, 208
127, 246, 212
122, 239, 207
120, 247, 212
115, 246, 212
123, 244, 212
135, 246, 212
130, 241, 207
125, 248, 211
139, 240, 213
125, 243, 208
143, 243, 216
121, 246, 210
124, 242, 209
141, 238, 207
121, 238, 206
133, 241, 208
131, 244, 211
125, 244, 209
129, 244, 210
128, 240, 208
131, 245, 212
128, 241, 209
126, 244, 212
129, 239, 207
122, 246, 209
127, 245, 210
120, 246, 210
143, 240, 209
133, 237, 206
127, 248, 212
128, 244, 210
130, 244, 212
122, 239, 206
125, 243, 212
115, 246, 211
119, 246, 212
127, 240, 207
142, 243, 216
147, 241, 209
127, 241, 208
117, 247, 210
126, 243, 211
135, 242, 213
118, 246, 212
122, 246, 213
127, 244, 209
136, 241, 213
143, 243, 215
121, 246, 209
124, 242, 208
121, 238, 205
119, 249, 212
125, 244, 208
128, 240, 207
123, 247, 211
120, 243, 208
147, 244, 218
128, 243, 208
129, 239, 206
123, 242, 208
124, 246, 210
134, 241, 209
121, 245, 212
128, 244, 209
130, 244, 211
126, 247, 212
120, 247, 210
123, 243, 209
129, 243, 212
115, 246, 210
127, 240, 206
134, 245, 215
138, 245, 216
122, 245, 212
134, 242, 209
123, 246, 210
125, 246, 212
120, 245, 212
141, 241, 211
138, 248, 217
136, 240, 211
138, 240, 213
123, 239, 207
122, 246, 212
124, 246, 214
136, 241, 212
138, 241, 214
124, 245, 209
127, 243, 212
129, 242, 211
138, 240, 208
148, 243, 217
138, 241, 209
124, 241, 207
129, 245, 212
131, 240, 207
144, 243, 215
119, 248, 211
122, 244, 210
125, 245, 210
130, 239, 207
126, 242, 208
118, 245, 209
117, 246, 212
133, 244, 211
122, 248, 212
126, 243, 209
123, 239, 206
149, 244, 219
120, 248, 212
131, 239, 206
139, 242, 210
126, 246, 210
123, 245, 212
121, 247, 211
130, 242, 212
129, 245, 211
137, 244, 214
121, 248, 212
135, 247, 217
126, 246, 214
125, 245, 209
142, 249, 220
130, 239, 206
122, 247, 210
124, 247, 212
126, 245, 209
128, 245, 211
119, 244, 208
122, 240, 207
141, 244, 211
131, 242, 211
139, 241, 214
133, 242, 213
120, 248, 211
137, 236, 205
133, 239, 207
125, 245, 213
127, 243, 210
132, 239, 207
127, 246, 211
121, 247, 210
143, 241, 210
132, 243, 213
144, 249, 220
151, 244, 219
143, 245, 216
142, 241, 215
115, 247, 211
129, 240, 207
138, 242, 211
128, 245, 210
118, 244, 211
130, 245, 212
124, 248, 212
135, 243, 214
119, 247, 212
133, 242, 212
137, 247, 213
124, 243, 209
116, 246, 210
133, 245, 213
123, 248, 212
123, 240, 208
124, 244, 210
118, 247, 212
127, 245, 209
136, 242, 213
126, 245, 212
135, 243, 209
134, 247, 212
132, 239, 206
127, 246, 210
143, 241, 209
131, 241, 209
133, 241, 211
117, 245, 209
125, 244, 212
129, 244, 213
127, 241, 207
138, 246, 217
153, 244, 220
148, 244, 218
127, 242, 208
132, 246, 213
124, 247, 210
127, 245, 213
130, 245, 211
135, 243, 213
128, 244, 213
137, 243, 215
145, 244, 217
124, 243, 208
132, 242, 211
134, 242, 213
116, 246, 209
136, 238, 206
138, 246, 212
130, 241, 209
123, 248, 211
126, 244, 210
123, 240, 207
139, 247, 218
134, 238, 206
154, 246, 220
138, 242, 214
119, 245, 209
126, 247, 211
134, 239, 207
125, 243, 210
119, 246, 210
121, 246, 212
134, 245, 214
126, 248, 212
123, 244, 209
126, 240, 208
131, 244, 213
129, 244, 212
141, 242, 215
137, 239, 208
148, 244, 217
125, 247, 212
118, 246, 210
127, 245, 212
120, 246, 212
138, 249, 217
128, 244, 212
140, 250, 219
130, 240, 207
143, 247, 219
134, 242, 212
117, 247, 212
127, 241, 210
122, 249, 212
139, 247, 217
131, 240, 206
133, 240, 208
152, 244, 220
133, 241, 209
131, 244, 212
139, 243, 215
125, 246, 210
152, 245, 220
121, 249, 212
133, 244, 210
126, 243, 208
127, 247, 212
125, 247, 211
128, 243, 210
130, 243, 212
122, 246, 210
124, 246, 212
134, 241, 211
149, 244, 218
128, 244, 211
131, 240, 210
130, 244, 213
156, 246, 220
120, 249, 212
126, 239, 206
131, 243, 211
137, 241, 212
126, 243, 212
137, 242, 213
127, 244, 210
122, 244, 208
121, 248, 211
116, 247, 211
107, 238, 195
96, 245, 202
111, 243, 205
108, 239, 202
104, 234, 191
111, 244, 206
86, 240, 196
135, 237, 207
101, 242, 202
125, 242, 207
102, 245, 203
121, 237, 205
89, 243, 197
135, 241, 209
114, 240, 200
82, 237, 194
86, 237, 195
109, 241, 202
103, 244, 202
105, 244, 204
101, 241, 196
109, 242, 203
111, 239, 198
101, 245, 202
126, 238, 208
102, 244, 202
95, 238, 193
115, 241, 203
85, 233, 188
96, 246, 202
129, 241, 207
103, 236, 193
121, 236, 204
114, 243, 206
108, 242, 202
116, 243, 208
101, 241, 200
104, 241, 198
114, 235, 201
113, 239, 204
105, 243, 203
120, 241, 206
117, 242, 207
115, 240, 206
131, 235, 205
82, 237, 193
105, 244, 203
130, 234, 205
123, 241, 207
82, 240, 194
99, 247, 201
119, 239, 207
98, 246, 202
85, 237, 194
79, 238, 193
112, 241, 202
96, 245, 200
104, 244, 203
107, 240, 202
112, 242, 203
123, 237, 205
113, 238, 203
118, 244, 209
107, 241, 203
109, 233, 192
106, 242, 199
108, 242, 201
116, 243, 207
117, 241, 205
87, 236, 190
107, 244, 204
113, 242, 205
106, 241, 203
110, 241, 204
79, 237, 192
99, 243, 198
124, 247, 213
116, 239, 205
91, 243, 199
110, 244, 205
100, 245, 203
115, 243, 206
122, 240, 208
109, 240, 204
119, 236, 205
126, 237, 205
94, 245, 199
118, 240, 206
142, 240, 211
129, 244, 211
119, 239, 206
98, 246, 201
112, 241, 201
102, 244, 200
104, 244, 202
126, 241, 207
136, 250, 219
126, 233, 203
87, 240, 196
107, 243, 202
91, 236, 191
113, 241, 203
109, 244, 205
115, 235, 202
100, 238, 194
113, 242, 204
106, 241, 202
100, 241, 196
119, 235, 203
113, 238, 197
106, 244, 203
100, 245, 202
87, 232, 187
111, 240, 204
112, 244, 206
109, 240, 203
107, 235, 193
98, 234, 190
118, 242, 206
122, 242, 207
121, 238, 206
87, 233, 188
103, 242, 202
102, 232, 189
112, 240, 199
84, 237, 194
94, 235, 190
119, 239, 205
105, 242, 200
103, 245, 203
118, 243, 206
100, 241, 200
108, 240, 203
93, 240, 198
109, 239, 197
102, 238, 195
115, 242, 205
109, 243, 204
101, 243, 198
80, 239, 193
107, 243, 201
84, 240, 195
111, 241, 200
135, 249, 217
113, 241, 202
103, 241, 201
85, 235, 190
104, 242, 199
112, 243, 205
88, 238, 193
106, 243, 201
108, 243, 203
84, 236, 193
116, 241, 203
99, 238, 193
86, 234, 189
111, 241, 204
120, 243, 208
90, 243, 197
104, 242, 203
103, 245, 202
114, 240, 204
108, 240, 202
113, 244, 207
105, 245, 204
107, 239, 203
121, 242, 207
120, 238, 205
110, 242, 201
102, 245, 202
114, 244, 206
122, 245, 212
105, 241, 202
120, 242, 207
124, 234, 204
114, 237, 203
94, 240, 198
122, 246, 212
134, 249, 217
98, 244, 202
117, 243, 207
91, 238, 193
113, 243, 205
117, 244, 208
101, 246, 202
104, 242, 202
97, 241, 200
96, 246, 201
96, 238, 197
113, 244, 206
116, 240, 205
101, 239, 199
123, 242, 207
86, 241, 195
122, 244, 210
98, 247, 202
116, 244, 207
113, 240, 204
83, 240, 193
120, 234, 202
85, 241, 195
134, 248, 215
103, 244, 200
105, 244, 202
106, 242, 203
125, 239, 208
100, 243, 202
91, 242, 199
109, 242, 201
115, 244, 207
100, 244, 203
101, 245, 200
117, 243, 206
123, 234, 203
97, 237, 193
132, 244, 211
101, 246, 201
107, 241, 202
108, 242, 200
107, 242, 203
105, 237, 194
119, 240, 206
108, 238, 202
105, 243, 201
92, 241, 195
110, 241, 203
119, 243, 207
114, 242, 207
87, 241, 196
109, 241, 199
102, 240, 197
119, 244, 208
97, 247, 201
91, 244, 199
106, 242, 202
93, 242, 199
90, 238, 196
109, 242, 200
125, 241, 207
120, 240, 207
133, 239, 207
115, 237, 203
87, 237, 194
91, 237, 195
137, 248, 215
80, 237, 193
109, 241, 203
109, 244, 204
105, 231, 189
90, 233, 188
110, 241, 202
106, 241, 201
115, 240, 203
112, 241, 204
108, 241, 203
114, 242, 206
112, 242, 205
122, 240, 206
95, 241, 195
100, 246, 202
120, 240, 206
101, 244, 203
93, 245, 199
113, 242, 207
85, 237, 191
108, 241, 198
128, 241, 208
85, 240, 196
104, 244, 200
140, 247, 215
82, 239, 194
104, 243, 203
112, 241, 203
105, 242, 203
107, 240, 203
128, 230, 202
123, 237, 206
100, 245, 200
96, 240, 198
100, 246, 201
111, 241, 203
113, 241, 205
106, 240, 203
109, 236, 194
130, 240, 208
100, 235, 191
111, 242, 204
114, 238, 203
138, 238, 208
126, 244, 210
79, 237, 193
92, 244, 199
95, 240, 198
107, 239, 202
103, 246, 202
121, 245, 211
98, 245, 202
107, 232, 190
104, 239, 196
121, 235, 203
78, 237, 193
101, 247, 202
104, 243, 202
105, 242, 202
102, 246, 201
127, 234, 203
118, 238, 206
111, 237, 196
127, 248, 214
131, 248, 215
133, 248, 217
107, 243, 203
111, 241, 202
123, 232, 202
106, 240, 202
92, 243, 197
110, 243, 205
96, 243, 198
106, 243, 203
109, 239, 203
97, 242, 200
112, 239, 204
123, 235, 203
110, 239, 203
122, 242, 208
118, 242, 207
119, 238, 205
88, 242, 197
106, 240, 197
78, 237, 192
125, 236, 206
108, 239, 203
91, 239, 197
99, 241, 196
115, 241, 205
119, 241, 206
85, 239, 193
126, 235, 204
124, 238, 208
81, 237, 193
132, 241, 208
119, 237, 204
109, 238, 202
126, 239, 206
102, 242, 198
128, 239, 208
123, 246, 212
112, 243, 206
99, 241, 200
132, 248, 216
106, 243, 202
103, 244, 203
108, 243, 204
107, 242, 202
109, 242, 204
88, 241, 195
89, 239, 196
100, 247, 202
101, 245, 203
97, 228, 163
99, 226, 168
80, 232, 162
72, 231, 162
69, 160, 111
112, 243, 174
91, 239, 169
65, 232, 158
103, 237, 175
59, 230, 156
75, 180, 124
98, 227, 172
103, 231, 177
100, 210, 158
70, 232, 160
68, 231, 160
68, 235, 160
60, 148, 99
91, 228, 169
65, 231, 159
73, 230, 162
64, 159, 107
93, 236, 167
72, 232, 162
100, 240, 174
70, 234, 160
100, 229, 174
40, 120, 72
112, 242, 177
83, 237, 167
87, 227, 168
46, 121, 77
94, 233, 174
74, 233, 163
59, 232, 155
76, 228, 161
89, 230, 170
71, 233, 160
82, 190, 123
96, 239, 172
108, 243, 174
76, 229, 162
98, 217, 163
75, 235, 162
73, 165, 117
79, 234, 165
84, 229, 167
80, 189, 131
58, 233, 156
66, 232, 159
62, 232, 157
20, 85, 41
108, 244, 175
84, 197, 138
104, 234, 168
81, 238, 166
57, 232, 155
88, 236, 169
59, 232, 157
100, 238, 169
81, 226, 164
79, 233, 166
91, 237, 166
73, 228, 160
75, 238, 163
101, 236, 179
97, 215, 154
89, 206, 144
61, 224, 156
83, 230, 166
100, 232, 177
73, 236, 161
87, 188, 138
90, 234, 165
92, 229, 171
65, 228, 158
100, 242, 172
81, 229, 165
94, 218, 156
60, 228, 156
102, 233, 179
70, 230, 160
108, 240, 173
104, 230, 166
119, 237, 171
82, 238, 164
90, 237, 166
69, 234, 160
86, 230, 167
96, 226, 157
88, 230, 169
99, 239, 170
103, 239, 171
88, 233, 165
81, 231, 164
75, 229, 162
77, 230, 163
61, 233, 157
68, 231, 159
72, 231, 160
110, 236, 177
106, 241, 172
85, 237, 167
74, 231, 162
35, 115, 65
81, 236, 163
95, 229, 172
28, 103, 55
51, 142, 90
68, 235, 159
90, 209, 143
73, 230, 161
74, 235, 162
97, 226, 158
76, 225, 161
65, 231, 158
85, 191, 127
94, 239, 171
90, 238, 167
94, 234, 175
80, 228, 163
80, 229, 164
96, 228, 169
98, 225, 158
88, 231, 170
84, 232, 166
99, 240, 171
81, 231, 166
78, 227, 163
71, 230, 160
105, 240, 174
87, 230, 169
64, 229, 158
65, 234, 159
110, 242, 174
99, 238, 173
95, 231, 165
74, 236, 163
109, 242, 173
92, 237, 172
91, 234, 167
61, 226, 156
79, 176, 125
68, 236, 159
99, 241, 171
100, 216, 159
110, 244, 176
99, 233, 167
72, 237, 162
103, 229, 174
95, 224, 162
89, 236, 166
63, 231, 157
96, 220, 160
86, 235, 170
81, 227, 164
74, 230, 161
89, 204, 146
94, 236, 167
89, 196, 142
58, 226, 155
89, 232, 171
87, 208, 140
87, 197, 140
67, 233, 158
64, 233, 157
73, 237, 161
96, 228, 173
74, 232, 161
84, 234, 167
91, 239, 168
72, 229, 160
74, 229, 162
81, 234, 163
99, 227, 159
84, 239, 166
72, 230, 161
58, 232, 155
97, 237, 176
95, 228, 164
78, 233, 165
75, 230, 160
79, 229, 163
95, 230, 170
63, 232, 157
71, 234, 161
59, 231, 156
87, 234, 170
101, 238, 171
105, 223, 167
99, 234, 173
72, 232, 161
84, 232, 163
98, 208, 157
93, 207, 148
61, 233, 156
65, 232, 159
65, 233, 158
63, 234, 157
97, 237, 169
36, 110, 64
121, 244, 180
69, 237, 160
70, 232, 161
68, 232, 159
92, 231, 172
108, 242, 174
103, 219, 167
69, 170, 116
90, 237, 167
81, 230, 161
69, 227, 159
75, 230, 162
98, 237, 168
82, 187, 132
88, 207, 138
78, 229, 163
57, 227, 155
100, 222, 160
94, 233, 166
99, 232, 175
66, 232, 158
74, 234, 162
53, 135, 88
88, 209, 141
111, 240, 173
102, 242, 178
84, 229, 166
64, 229, 157
110, 245, 181
83, 191, 125
96, 221, 156
92, 236, 170
65, 234, 158
81, 236, 164
97, 232, 175
81, 234, 167
83, 225, 166
84, 230, 167
57, 229, 155
66, 233, 159
93, 216, 152
97, 223, 157
82, 236, 164
79, 231, 164
91, 232, 169
73, 235, 161
81, 181, 130
99, 223, 168
77, 234, 164
78, 231, 162
75, 235, 163
105, 237, 170
76, 229, 163
66, 235, 159
71, 230, 161
71, 231, 160
57, 232, 156
89, 207, 141
63, 230, 157
97, 225, 156
60, 229, 156
88, 239, 168
97, 235, 167
27, 97, 48
32, 99, 56
78, 231, 164
94, 231, 173
96, 223, 160
93, 202, 149
91, 211, 151
71, 222, 159
79, 230, 164
68, 230, 159
72, 230, 160
58, 153, 99
45, 131, 81
100, 241, 171
70, 231, 160
79, 238, 165
60, 232, 157
64, 225, 157
91, 238, 168
21, 92, 46
59, 228, 156
67, 231, 159
109, 243, 175
82, 188, 121
58, 230, 156
58, 231, 155
93, 221, 155
71, 237, 162
72, 226, 153
102, 237, 161
69, 231, 153
71, 230, 156
87, 232, 162
52, 230, 152
86, 240, 166
52, 231, 151
92, 221, 154
100, 233, 160
54, 234, 152
96, 239, 170
86, 226, 161
72, 233, 161
96, 226, 151
76, 236, 156
55, 230, 154
52, 228, 148
57, 232, 153
91, 233, 164
76, 238, 162
97, 212, 141
99, 236, 165
74, 230, 157
68, 232, 160
80, 238, 158
92, 238, 160
76, 237, 157
59, 234, 155
59, 236, 152
74, 232, 157
55, 235, 152
61, 229, 153
67, 235, 163
85, 233, 163
74, 237, 156
89, 235, 159
50, 235, 152
61, 233, 153
88, 197, 125
56, 232, 153
60, 235, 153
62, 235, 155
62, 236, 154
62, 227, 151
58, 225, 148
55, 234, 153
51, 232, 150
89, 237, 159
94, 230, 164
84, 227, 163
59, 234, 157
72, 224, 153
56, 233, 154
67, 236, 155
56, 235, 151
50, 234, 153
110, 237, 162
62, 233, 157
91, 205, 143
94, 237, 160
104, 234, 170
106, 228, 167
105, 231, 158
84, 234, 159
58, 235, 152
52, 228, 152
50, 227, 150
71, 235, 161
82, 239, 166
82, 233, 162
56, 234, 152
55, 229, 150
60, 233, 155
87, 200, 127
97, 217, 144
54, 226, 147
77, 183, 110
72, 236, 157
51, 232, 152
51, 233, 151
58, 232, 156
65, 236, 155
80, 234, 158
66, 224, 150
95, 221, 156
67, 236, 157
61, 231, 154
110, 237, 173
70, 236, 157
58, 227, 150
71, 235, 154
92, 221, 153
50, 230, 151
61, 234, 156
65, 234, 157
83, 188, 116
52, 233, 153
97, 238, 169
58, 234, 155
70, 235, 161
49, 234, 152
75, 236, 158
64, 233, 153
65, 228, 153
63, 229, 152
61, 231, 156
50, 233, 152
100, 236, 169
81, 225, 156
76, 232, 160
100, 223, 153
77, 237, 161
62, 224, 149
93, 230, 155
88, 234, 159
52, 235, 152
104, 238, 162
66, 233, 160
57, 226, 148
114, 228, 171
91, 205, 131
57, 236, 152
62, 234, 153
81, 238, 165
52, 234, 153
51, 229, 151
70, 225, 152
85, 230, 160
94, 240, 162
76, 180, 106
64, 227, 154
63, 225, 150
81, 236, 158
52, 230, 149
58, 232, 153
98, 234, 162
97, 221, 157
79, 182, 110
57, 231, 155
60, 235, 155
53, 231, 153
61, 226, 149
65, 235, 153
71, 234, 159
55, 236, 152
67, 236, 154
62, 232, 158
62, 234, 155
55, 233, 153
86, 237, 160
64, 229, 153
62, 233, 159
63, 233, 156
56, 232, 154
98, 241, 170
99, 237, 169
58, 234, 152
70, 237, 155
66, 225, 151
53, 233, 152
86, 239, 160
62, 229, 152
65, 227, 151
56, 231, 155
54, 232, 153
66, 226, 152
71, 230, 157
64, 229, 155
61, 236, 152
54, 228, 149
65, 233, 158
63, 234, 157
69, 235, 154
77, 237, 158
52, 233, 152
62, 231, 152
75, 228, 156
89, 204, 141
58, 232, 157
58, 234, 154
72, 236, 158
84, 231, 164
95, 233, 159
64, 231, 155
84, 235, 164
63, 232, 159
59, 234, 154
99, 239, 162
95, 220, 152
63, 231, 154
51, 235, 152
81, 238, 159
57, 235, 153
59, 232, 156
97, 238, 161
76, 234, 156
98, 217, 143
53, 230, 151
79, 229, 158
90, 202, 130
64, 236, 153
50, 232, 152
72, 228, 156
82, 236, 164
55, 234, 152
56, 229, 153
67, 225, 151
57, 234, 154
84, 235, 166
54, 230, 151
58, 230, 152
50, 233, 153
64, 235, 157
53, 229, 152
102, 242, 171
64, 227, 153
96, 234, 167
85, 226, 158
70, 230, 159
51, 228, 151
105, 236, 171
82, 233, 161
53, 231, 152
51, 232, 151
94, 224, 149
53, 235, 152
54, 230, 153
72, 234, 155
66, 232, 153
48, 234, 152
65, 232, 156
62, 234, 157
86, 202, 138
73, 232, 158
72, 237, 166
53, 234, 153
79, 237, 157
58, 232, 154
69, 236, 159
100, 221, 147
64, 234, 160
102, 236, 169
84, 237, 158
92, 214, 140
77, 226, 155
54, 232, 152
88, 231, 166
105, 215, 162
85, 235, 168
56, 235, 154
60, 234, 157
69, 233, 159
58, 235, 155
67, 232, 160
62, 231, 151
61, 235, 155
54, 234, 152
70, 232, 160
50, 232, 149
60, 238, 154
96, 208, 155
63, 232, 158
107, 231, 173
64, 232, 155
89, 237, 173
96, 227, 171
58, 233, 154
95, 227, 166
63, 229, 153
58, 237, 154
59, 232, 155
109, 233, 175
68, 232, 160
53, 231, 149
63, 230, 154
90, 233, 171
59, 228, 151
59, 231, 150
99, 237, 175
57, 234, 153
53, 232, 150
68, 229, 155
69, 232, 159
59, 236, 152
70, 229, 157
92, 226, 164
64, 230, 151
100, 220, 164
56, 233, 152
66, 230, 153
66, 232, 159
65, 229, 154
61, 231, 150
80, 226, 159
86, 233, 168
64, 228, 153
63, 233, 155
79, 233, 166
56, 234, 150
57, 237, 154
97, 218, 162
75, 230, 159
107, 221, 167
56, 231, 151
51, 233, 149
95, 230, 169
90, 237, 173
79, 234, 167
93, 224, 169
56, 233, 154
59, 230, 153
51, 234, 150
61, 233, 155
68, 231, 157
64, 229, 154
90, 232, 167
60, 232, 156
58, 234, 153
59, 234, 150
100, 240, 180
56, 236, 152
57, 232, 150
58, 235, 154
65, 233, 156
105, 229, 172
97, 233, 170
61, 233, 157
72, 231, 160
60, 230, 152
63, 236, 155
63, 230, 151
79, 235, 164
58, 234, 155
57, 234, 150
68, 229, 152
56, 230, 150
64, 233, 153
59, 233, 156
66, 231, 158
101, 235, 178
63, 237, 156
62, 233, 152
73, 235, 160
61, 231, 156
102, 233, 174
60, 228, 151
71, 233, 159
86, 235, 168
111, 222, 168
100, 210, 159
60, 230, 154
91, 222, 166
57, 235, 154
61, 236, 155
62, 231, 155
72, 228, 157
56, 233, 151
61, 238, 155
57, 236, 152
59, 236, 154
92, 233, 168
115, 232, 177
91, 239, 175
85, 233, 165
88, 235, 172
52, 230, 149
91, 233, 168
60, 231, 155
76, 232, 162
78, 221, 155
58, 232, 153
54, 233, 150
67, 229, 158
93, 230, 166
60, 235, 155
69, 232, 160
65, 230, 157
105, 233, 173
55, 236, 152
80, 233, 166
62, 234, 155
77, 230, 160
126, 233, 181
83, 231, 163
63, 231, 150
64, 228, 154
77, 233, 165
65, 232, 157
66, 229, 155
63, 234, 155
60, 232, 155
78, 233, 165
84, 233, 168
92, 232, 171
61, 232, 155
60, 237, 154
63, 232, 157
87, 234, 170
94, 230, 168
106, 233, 173
68, 234, 157
58, 233, 153
61, 235, 153
65, 232, 159
82, 231, 163
98, 232, 169
70, 232, 161
64, 234, 154
116, 234, 177
55, 234, 150
57, 233, 153
91, 232, 167
60, 238, 155
59, 233, 155
76, 230, 159
98, 237, 177
109, 234, 175
100, 237, 179
72, 233, 162
66, 232, 158
58, 233, 155
58, 236, 154
69, 230, 157
57, 235, 153
82, 231, 165
58, 232, 150
98, 204, 155
54, 236, 152
98, 233, 170
62, 235, 154
65, 231, 153
79, 231, 164
67, 233, 155
56, 230, 151
62, 232, 155
58, 230, 152
100, 228, 169
76, 231, 160
65, 232, 154
66, 229, 152
57, 235, 155
60, 233, 151
73, 234, 162
76, 232, 161
58, 232, 152
103, 234, 172
79, 235, 167
59, 237, 154
61, 232, 152
108, 225, 171
55, 234, 154
86, 231, 164
80, 233, 165
77, 234, 166
69, 228, 155
107, 228, 170
100, 239, 180
60, 234, 155
62, 233, 158
60, 236, 152
102, 242, 182
65, 233, 155
56, 234, 153
106, 234, 174
54, 235, 151
74, 235, 161
97, 234, 170
55, 228, 149
97, 226, 166
