246, 231, 112
240, 236, 122
228, 223, 106
245, 230, 113
242, 226, 110
208, 206, 129
238, 231, 122
235, 225, 108
240, 229, 113
221, 216, 120
234, 231, 130
235, 235, 140
237, 225, 110
245, 233, 115
242, 229, 112
236, 236, 147
222, 215, 113
237, 236, 134
243, 228, 108
238, 227, 115
231, 223, 117
238, 235, 128
209, 206, 124
225, 225, 146
241, 233, 122
226, 222, 109
232, 224, 106
234, 224, 108
218, 213, 116
232, 224, 115
232, 224, 124
237, 232, 127
241, 226, 110
222, 219, 119
241, 234, 123
225, 218, 106
236, 225, 110
239, 237, 126
225, 218, 115
232, 230, 131
229, 224, 109
243, 227, 112
241, 227, 111
246, 231, 116
240, 236, 126
241, 230, 116
228, 225, 138
239, 229, 118
235, 235, 144
239, 229, 127
247, 233, 112
245, 233, 119
239, 232, 123
242, 232, 121
246, 234, 117
231, 223, 112
222, 218, 113
247, 234, 113
245, 229, 112
232, 224, 110
237, 228, 115
242, 233, 122
220, 213, 113
243, 234, 119
246, 230, 110
226, 224, 113
224, 221, 134
235, 227, 108
235, 227, 117
225, 221, 130
239, 229, 113
244, 233, 118
237, 235, 132
241, 229, 115
231, 222, 115
242, 229, 111
220, 217, 115
248, 234, 113
243, 230, 117
227, 219, 117
207, 205, 116
234, 234, 139
236, 232, 130
244, 230, 112
241, 226, 109
246, 230, 114
240, 235, 124
236, 225, 109
228, 222, 105
237, 234, 126
226, 224, 135
230, 222, 116
247, 232, 110
240, 228, 112
245, 232, 117
223, 221, 114
242, 228, 114
209, 202, 112
217, 212, 115
239, 229, 117
245, 233, 118
242, 229, 115
243, 230, 112
216, 214, 127
238, 237, 132
246, 234, 116
239, 225, 110
237, 230, 124
231, 225, 111
243, 234, 118
246, 230, 109
223, 220, 117
220, 216, 114
234, 227, 113
234, 227, 131
239, 236, 124
241, 228, 113
237, 234, 139
242, 228, 109
236, 227, 113
240, 228, 116
224, 221, 133
235, 227, 116
237, 227, 118
244, 233, 117
241, 229, 114
239, 229, 121
221, 215, 113
241, 232, 119
225, 223, 138
248, 234, 112
225, 224, 112
239, 235, 128
225, 224, 121
240, 234, 122
233, 225, 108
248, 235, 113
233, 225, 117
241, 236, 122
223, 220, 112
240, 227, 110
226, 224, 116
223, 220, 130
229, 222, 119
246, 233, 115
239, 228, 115
234, 230, 131
247, 232, 109
240, 228, 111
245, 232, 116
242, 228, 113
235, 227, 111
237, 227, 113
239, 229, 116
235, 226, 124
228, 220, 106
243, 230, 111
245, 235, 117
239, 235, 123
240, 231, 121
223, 216, 119
218, 215, 119
231, 225, 110
224, 217, 117
231, 225, 128
236, 231, 128
229, 222, 105
242, 235, 120
240, 235, 127
237, 231, 124
243, 233, 121
234, 236, 151
229, 222, 123
241, 228, 112
222, 221, 121
239, 228, 119
221, 214, 111
236, 227, 121
236, 237, 153
234, 232, 135
235, 226, 110
221, 215, 121
247, 235, 114
239, 227, 114
239, 235, 127
242, 231, 118
243, 229, 110
240, 234, 121
234, 226, 115
233, 225, 107
246, 232, 113
238, 229, 118
240, 227, 109
244, 229, 114
223, 219, 115
246, 233, 114
236, 234, 134
236, 227, 116
245, 231, 110
229, 228, 134
235, 226, 114
240, 230, 119
218, 211, 112
237, 226, 116
227, 228, 150
232, 225, 107
234, 225, 109
244, 228, 109
223, 216, 109
226, 222, 132
243, 229, 114
210, 203, 112
238, 226, 111
240, 234, 125
237, 230, 122
243, 232, 119
226, 218, 116
201, 199, 121
229, 222, 104
244, 229, 109
243, 233, 120
220, 218, 121
227, 220, 105
236, 237, 143
245, 231, 114
239, 231, 120
235, 226, 109
237, 226, 111
242, 230, 116
232, 222, 115
225, 223, 127
228, 220, 109
234, 235, 154
242, 231, 117
243, 229, 109
222, 220, 124
240, 233, 124
246, 232, 112
231, 224, 108
238, 229, 117
225, 219, 107
236, 226, 111
220, 215, 120
235, 225, 112
240, 229, 117
219, 214, 112
230, 224, 104
238, 225, 110
245, 231, 109
227, 220, 118
241, 231, 117
235, 226, 113
240, 230, 118
237, 236, 138
237, 226, 115
232, 225, 106
238, 235, 132
231, 231, 134
234, 225, 108
239, 227, 117
238, 228, 120
223, 218, 126
243, 235, 120
246, 231, 111
245, 230, 112
238, 232, 126
242, 226, 109
206, 204, 116
220, 215, 115
240, 229, 112
221, 214, 109
240, 229, 121
235, 225, 116
227, 220, 113
224, 216, 110
241, 231, 121
235, 226, 108
237, 226, 110
242, 230, 115
238, 235, 127
244, 228, 112
234, 235, 153
239, 227, 112
235, 228, 126
233, 234, 145
243, 229, 108
238, 228, 115
238, 236, 128
241, 234, 122
226, 225, 131
201, 198, 123
222, 219, 127
239, 237, 125
223, 218, 112
217, 210, 115
244, 231, 113
241, 227, 110
244, 234, 118
224, 223, 117
241, 230, 115
235, 225, 111
240, 229, 116
240, 229, 125
238, 234, 130
220, 217, 119
247, 231, 110
241, 231, 116
213, 211, 129
236, 236, 141
236, 236, 150
237, 236, 137
243, 228, 111
238, 235, 131
241, 233, 125
245, 229, 111
232, 224, 109
242, 233, 121
220, 213, 112
232, 224, 118
229, 220, 115
239, 226, 111
225, 218, 118
227, 224, 110
243, 235, 119
246, 231, 110
244, 231, 117
239, 230, 117
225, 221, 129
241, 230, 119
235, 235, 147
242, 229, 110
246, 235, 116
240, 232, 122
236, 236, 145
227, 219, 116
219, 217, 126
238, 227, 113
237, 236, 141
226, 222, 107
236, 232, 129
220, 213, 116
234, 224, 115
237, 228, 127
238, 228, 114
241, 234, 121
223, 218, 111
240, 225, 109
229, 224, 107
243, 227, 110
244, 231, 112
241, 227, 109
246, 231, 114
240, 236, 124
223, 221, 122
244, 234, 117
236, 226, 109
241, 230, 114
237, 235, 135
242, 229, 114
224, 222, 138
218, 217, 125
230, 226, 130
236, 236, 140
227, 219, 111
246, 234, 115
240, 232, 126
232, 223, 116
237, 236, 136
222, 215, 115
238, 227, 117
231, 223, 119
238, 235, 130
239, 225, 109
241, 233, 124
245, 229, 110
232, 224, 108
242, 233, 120
223, 217, 120
239, 226, 110
244, 230, 115
239, 237, 128
233, 226, 113
226, 224, 138
235, 234, 136
249, 235, 112
246, 231, 109
242, 236, 121
240, 228, 115
224, 221, 132
241, 229, 113
227, 226, 127
235, 224, 109
241, 232, 118
247, 233, 114
239, 232, 125
226, 221, 114
242, 232, 123
243, 230, 115
210, 204, 113
238, 227, 112
207, 205, 114
225, 222, 110
247, 234, 115
233, 223, 116
239, 233, 126
221, 219, 118
248, 235, 112
243, 231, 116
229, 223, 105
228, 221, 120
227, 223, 112
244, 230, 110
246, 230, 112
240, 235, 122
226, 224, 124
213, 214, 142
219, 215, 118
239, 236, 127
243, 227, 109
245, 232, 115
240, 236, 123
225, 221, 114
235, 227, 110
237, 227, 112
236, 235, 138
237, 227, 121
244, 233, 120
237, 235, 134
224, 222, 119
241, 229, 117
245, 233, 116
235, 224, 113
241, 232, 122
220, 217, 117
242, 232, 118
238, 237, 130
232, 233, 147
213, 210, 131
241, 233, 123
245, 229, 109
232, 224, 107
234, 224, 109
223, 217, 110
225, 220, 108
236, 231, 127
226, 224, 110
242, 235, 119
233, 226, 112
237, 234, 128
239, 228, 118
242, 236, 120
240, 228, 114
224, 221, 131
235, 227, 114
237, 227, 116
241, 229, 112
247, 233, 113
248, 234, 110
234, 233, 135
243, 230, 114
238, 237, 134
233, 225, 115
227, 225, 121
244, 232, 119
227, 222, 106
242, 227, 110
240, 235, 121
218, 216, 123
237, 231, 127
239, 228, 113
237, 234, 132
245, 232, 114
236, 227, 115
235, 227, 109
236, 235, 137
239, 229, 114
244, 233, 119
241, 229, 116
233, 232, 132
248, 234, 114
223, 216, 108
238, 237, 129
241, 235, 123
239, 235, 130
241, 225, 109
240, 234, 124
238, 226, 110
224, 217, 106
234, 226, 118
233, 225, 110
237, 230, 130
241, 236, 124
230, 221, 116
223, 217, 118
240, 227, 112
240, 235, 125
244, 229, 108
243, 233, 119
241, 228, 110
239, 228, 117
247, 232, 111
240, 228, 113
224, 221, 130
235, 227, 113
221, 218, 125
232, 232, 140
241, 229, 111
240, 230, 122
218, 211, 115
209, 204, 113
229, 221, 116
228, 220, 108
242, 231, 116
218, 212, 116
229, 229, 147
238, 226, 114
218, 215, 121
237, 230, 125
243, 232, 122
231, 225, 112
234, 226, 122
246, 232, 111
244, 232, 118
223, 217, 113
242, 227, 109
238, 229, 125
242, 235, 122
244, 229, 112
239, 228, 112
241, 228, 114
221, 214, 113
238, 225, 109
228, 224, 110
208, 205, 114
235, 226, 112
240, 230, 117
239, 234, 128
237, 226, 114
232, 225, 105
235, 237, 148
240, 231, 118
239, 235, 129
242, 231, 120
238, 236, 132
234, 226, 108
240, 234, 123
234, 226, 117
228, 221, 104
233, 225, 109
238, 229, 120
240, 227, 111
243, 233, 118
242, 234, 121
220, 215, 114
223, 219, 126
235, 225, 115
226, 219, 115
236, 227, 109
216, 210, 112
238, 233, 126
241, 231, 120
239, 231, 127
242, 230, 114
240, 230, 121
226, 223, 112
244, 228, 111
233, 231, 139
228, 220, 107
239, 227, 111
223, 216, 111
234, 226, 112
231, 224, 106
244, 232, 117
217, 210, 114
204, 203, 117
238, 229, 115
237, 229, 128
224, 220, 111
242, 227, 108
240, 226, 110
245, 230, 115
235, 225, 110
240, 229, 115
240, 229, 124
235, 233, 132
244, 235, 118
245, 231, 116
235, 226, 111
240, 230, 116
221, 217, 123
239, 234, 127
242, 230, 118
243, 228, 110
232, 225, 113
231, 231, 141
190, 188, 116
223, 216, 106
247, 235, 115
226, 225, 116
219, 213, 114
234, 226, 107
220, 214, 112
227, 224, 109
229, 224, 111
228, 223, 112
239, 230, 116
238, 232, 124
234, 228, 134
241, 230, 118
242, 234, 120
220, 215, 113
245, 234, 117
237, 233, 129
230, 224, 106
246, 235, 115
227, 220, 120
241, 231, 119
242, 230, 113
235, 226, 115
240, 230, 120
238, 235, 134
234, 225, 110
244, 228, 110
222, 216, 114
248, 233, 111
243, 229, 115
222, 219, 116
233, 224, 117
238, 228, 122
243, 232, 120
237, 229, 118
231, 224, 105
235, 232, 130
238, 229, 123
246, 231, 113
241, 230, 113
240, 226, 109
239, 230, 120
236, 234, 130
235, 225, 109
240, 229, 114
220, 218, 122
244, 235, 117
239, 234, 126
243, 228, 109
238, 235, 129
225, 222, 114
223, 222, 130
232, 224, 116
218, 213, 117
227, 223, 107
238, 228, 117
241, 234, 124
223, 218, 114
218, 214, 118
237, 229, 122
223, 218, 123
231, 224, 109
237, 229, 131
244, 231, 115
241, 227, 112
245, 230, 109
236, 226, 112
223, 221, 134
239, 230, 124
245, 234, 116
238, 231, 127
229, 226, 137
220, 217, 121
240, 232, 120
231, 230, 143
236, 236, 143
222, 215, 109
221, 217, 117
237, 236, 139
243, 228, 113
238, 227, 120
247, 234, 114
239, 233, 125
223, 222, 125
241, 233, 127
237, 228, 116
243, 231, 115
244, 230, 109
229, 223, 113
246, 230, 111
222, 219, 115
238, 228, 121
224, 219, 126
236, 225, 115
231, 224, 104
225, 218, 120
243, 227, 108
224, 220, 109
252, 241, 155
254, 241, 157
247, 240, 156
250, 238, 159
249, 241, 149
253, 246, 169
254, 242, 167
248, 241, 171
249, 242, 150
247, 243, 166
251, 242, 152
241, 233, 149
250, 242, 174
254, 245, 159
251, 241, 156
250, 245, 176
254, 241, 152
254, 241, 161
251, 245, 171
248, 238, 152
248, 241, 157
253, 242, 175
248, 244, 177
252, 245, 170
251, 241, 160
245, 236, 147
246, 240, 160
247, 236, 158
252, 241, 154
254, 241, 156
248, 238, 147
250, 238, 149
248, 241, 152
253, 246, 168
246, 237, 145
248, 241, 170
253, 243, 153
244, 236, 156
244, 239, 170
251, 241, 155
250, 245, 175
251, 244, 160
244, 240, 162
249, 244, 167
247, 239, 149
252, 241, 149
247, 239, 167
252, 241, 158
254, 244, 152
251, 240, 149
251, 240, 158
252, 245, 160
252, 245, 169
251, 241, 159
245, 236, 146
254, 245, 171
247, 238, 167
247, 239, 153
243, 233, 149
249, 243, 175
252, 240, 157
254, 240, 159
248, 240, 165
244, 235, 154
253, 244, 179
243, 239, 165
242, 238, 167
250, 244, 155
246, 236, 148
248, 244, 171
245, 235, 149
250, 244, 173
246, 239, 171
246, 240, 154
249, 243, 161
251, 243, 163
242, 234, 156
251, 240, 148
249, 240, 155
244, 236, 159
246, 236, 161
246, 239, 166
247, 238, 157
251, 246, 173
252, 243, 171
253, 241, 155
246, 242, 167
254, 240, 158
247, 242, 172
249, 239, 149
252, 240, 165
244, 235, 153
249, 239, 167
250, 244, 154
254, 244, 155
253, 245, 170
251, 240, 152
247, 237, 160
253, 241, 150
246, 242, 162
246, 242, 171
248, 240, 150
247, 242, 158
252, 240, 151
250, 240, 161
244, 235, 148
249, 239, 153
253, 244, 182
254, 246, 169
248, 243, 169
254, 247, 170
250, 243, 180
247, 238, 147
251, 246, 172
247, 238, 165
248, 239, 162
250, 239, 164
253, 241, 154
250, 240, 147
250, 240, 156
253, 244, 168
251, 239, 150
252, 246, 162
252, 246, 171
244, 237, 161
247, 237, 150
242, 233, 154
245, 237, 166
254, 247, 165
251, 246, 167
248, 239, 157
252, 239, 158
250, 239, 159
247, 240, 169
253, 241, 158
249, 242, 154
247, 237, 145
245, 237, 152
242, 233, 149
250, 243, 152
252, 247, 158
246, 238, 150
250, 243, 170
247, 238, 146
252, 243, 151
245, 240, 171
252, 242, 173
254, 242, 175
246, 237, 163
251, 242, 151
252, 246, 170
245, 237, 156
250, 243, 156
248, 243, 172
251, 246, 157
250, 239, 149
248, 239, 156
249, 238, 147
254, 242, 152
253, 242, 174
251, 238, 158
253, 243, 175
249, 242, 153
245, 237, 151
250, 243, 151
247, 237, 153
245, 236, 155
253, 247, 172
246, 238, 149
251, 245, 156
246, 241, 160
249, 237, 159
248, 238, 164
253, 242, 169
251, 242, 150
248, 242, 170
254, 246, 162
250, 242, 181
250, 245, 174
254, 245, 175
246, 241, 164
249, 245, 176
248, 238, 150
254, 242, 151
249, 241, 151
246, 237, 148
254, 242, 169
249, 241, 160
241, 232, 150
248, 242, 156
240, 231, 148
251, 241, 149
251, 241, 158
254, 245, 170
251, 241, 167
250, 245, 178
245, 236, 163
247, 239, 161
254, 241, 154
254, 241, 163
247, 240, 153
253, 242, 150
253, 243, 151
244, 236, 154
249, 240, 159
252, 244, 171
250, 242, 153
245, 235, 148
252, 245, 172
251, 244, 158
249, 244, 165
249, 244, 174
247, 239, 156
248, 237, 148
238, 230, 149
252, 241, 156
254, 241, 158
248, 238, 149
253, 242, 172
250, 241, 162
252, 244, 157
246, 236, 151
252, 244, 166
249, 240, 163
254, 244, 177
244, 239, 172
252, 245, 167
251, 241, 157
254, 245, 169
245, 236, 153
252, 241, 151
248, 237, 161
251, 245, 154
254, 241, 153
247, 242, 162
250, 241, 157
253, 245, 169
246, 236, 146
248, 244, 169
251, 240, 160
246, 239, 169
247, 239, 146
252, 240, 150
253, 241, 167
249, 239, 152
244, 235, 156
250, 241, 161
250, 241, 170
251, 240, 155
252, 244, 165
247, 238, 155
251, 243, 165
253, 241, 153
250, 240, 155
249, 239, 147
252, 240, 163
244, 235, 151
248, 240, 171
253, 245, 159
250, 244, 152
249, 240, 148
251, 240, 150
249, 240, 157
250, 244, 170
254, 247, 164
244, 238, 170
251, 243, 151
249, 243, 158
246, 242, 160
251, 243, 178
253, 241, 157
247, 242, 156
252, 240, 149
247, 242, 165
252, 240, 158
250, 240, 159
253, 244, 171
250, 241, 160
246, 236, 149
242, 233, 148
251, 240, 154
246, 239, 154
254, 247, 168
247, 238, 145
246, 238, 167
247, 238, 154
251, 243, 155
245, 241, 175
251, 243, 164
250, 239, 162
242, 234, 148
253, 241, 152
246, 242, 164
252, 243, 177
246, 242, 173
252, 240, 153
250, 240, 154
248, 240, 161
249, 239, 155
251, 239, 157
247, 237, 148
249, 242, 175
248, 243, 171
246, 238, 162
248, 239, 146
251, 246, 174
252, 243, 154
253, 241, 156
248, 240, 147
253, 244, 152
253, 241, 165
252, 246, 173
245, 237, 168
246, 238, 148
243, 234, 153
248, 243, 175
254, 247, 167
251, 246, 169
249, 243, 152
250, 239, 152
245, 240, 160
252, 239, 160
244, 234, 148
253, 241, 151
247, 240, 180
253, 244, 156
253, 243, 178
251, 242, 149
252, 246, 168
254, 243, 174
249, 242, 165
253, 247, 166
243, 234, 148
251, 246, 155
246, 238, 161
250, 243, 181
250, 239, 147
248, 239, 154
247, 240, 157
247, 240, 166
254, 242, 168
252, 242, 175
246, 237, 165
254, 243, 151
248, 242, 155
249, 242, 151
253, 247, 170
244, 240, 173
251, 245, 163
249, 237, 157
250, 239, 151
246, 241, 167
251, 245, 172
247, 240, 170
249, 238, 149
253, 242, 176
253, 243, 150
254, 242, 172
248, 241, 176
250, 242, 161
250, 243, 153
245, 236, 148
253, 247, 165
251, 241, 170
245, 236, 157
254, 245, 182
246, 240, 170
233, 208, 98
217, 198, 95
225, 202, 96
215, 198, 102
232, 207, 97
218, 199, 97
220, 199, 99
233, 210, 110
224, 201, 95
230, 208, 104
226, 202, 95
229, 206, 108
223, 201, 95
221, 200, 96
221, 201, 95
214, 196, 95
234, 209, 99
214, 196, 104
231, 206, 101
230, 207, 105
209, 193, 99
235, 209, 96
228, 208, 111
224, 207, 120
219, 199, 95
229, 204, 95
216, 197, 98
227, 205, 100
208, 195, 103
224, 202, 96
229, 204, 104
220, 200, 102
230, 206, 97
224, 202, 114
225, 207, 115
219, 200, 105
229, 205, 96
222, 200, 96
212, 195, 98
234, 209, 101
230, 207, 98
207, 193, 99
209, 193, 101
233, 208, 102
235, 209, 98
227, 203, 96
221, 199, 99
232, 207, 101
232, 208, 100
223, 206, 123
218, 198, 96
226, 206, 112
220, 200, 95
207, 192, 100
220, 200, 104
210, 195, 99
232, 209, 101
225, 201, 98
229, 205, 98
231, 206, 96
234, 209, 103
229, 208, 115
228, 207, 107
235, 209, 100
213, 196, 98
227, 203, 98
232, 207, 103
208, 193, 101
232, 208, 102
211, 194, 96
215, 196, 101
234, 210, 107
226, 207, 115
230, 205, 96
225, 201, 100
231, 206, 98
225, 204, 96
228, 207, 109
233, 208, 97
207, 193, 103
228, 207, 118
231, 207, 99
221, 199, 94
228, 203, 96
232, 207, 96
235, 210, 101
216, 197, 95
229, 207, 109
223, 202, 96
208, 193, 103
207, 191, 96
229, 204, 101
212, 194, 103
229, 206, 98
208, 194, 101
215, 196, 94
221, 200, 95
214, 196, 94
233, 209, 101
229, 208, 110
212, 195, 95
231, 209, 117
221, 201, 112
217, 198, 96
235, 210, 103
214, 195, 98
219, 199, 103
208, 193, 96
232, 208, 97
227, 207, 109
211, 194, 100
224, 205, 121
234, 210, 102
210, 193, 99
227, 202, 94
221, 201, 96
214, 196, 96
209, 194, 102
230, 205, 100
222, 200, 95
222, 199, 97
227, 202, 103
230, 207, 97
228, 206, 97
229, 208, 112
221, 206, 128
235, 209, 97
224, 207, 121
221, 199, 98
223, 200, 94
228, 203, 100
232, 208, 99
233, 210, 104
229, 207, 104
218, 198, 95
216, 196, 94
220, 199, 96
215, 197, 97
234, 210, 104
232, 210, 111
221, 201, 98
225, 201, 97
213, 198, 104
230, 206, 101
222, 201, 96
214, 198, 101
235, 209, 99
231, 207, 105
213, 197, 96
210, 194, 99
221, 199, 100
234, 211, 111
232, 208, 101
231, 208, 104
218, 198, 97
218, 199, 96
216, 196, 96
220, 200, 96
233, 211, 114
227, 205, 97
224, 201, 94
234, 210, 106
226, 207, 114
233, 209, 98
211, 195, 105
224, 204, 99
214, 196, 100
225, 203, 96
225, 205, 115
231, 209, 114
228, 206, 110
216, 198, 96
226, 204, 109
225, 207, 121
231, 207, 98
235, 210, 100
213, 195, 101
231, 208, 106
232, 208, 103
213, 197, 107
220, 201, 109
218, 198, 99
216, 196, 98
220, 199, 100
217, 197, 94
230, 208, 105
233, 209, 100
230, 205, 97
212, 195, 94
223, 201, 96
225, 204, 97
229, 205, 95
234, 209, 100
215, 201, 110
213, 195, 94
231, 207, 100
210, 194, 94
224, 203, 96
228, 204, 96
233, 208, 101
235, 210, 102
206, 193, 102
229, 207, 101
215, 198, 105
227, 203, 95
215, 197, 94
216, 197, 99
217, 197, 96
230, 208, 107
228, 205, 97
232, 210, 117
226, 203, 96
212, 195, 96
206, 194, 109
234, 209, 102
213, 196, 94
210, 194, 96
228, 203, 99
234, 211, 108
215, 198, 98
218, 198, 94
220, 199, 95
227, 203, 97
225, 206, 117
215, 197, 96
234, 210, 103
208, 194, 107
230, 208, 109
228, 206, 98
230, 205, 101
218, 197, 95
226, 204, 97
230, 206, 100
234, 208, 96
229, 205, 99
216, 198, 102
234, 209, 104
233, 208, 96
223, 200, 95
215, 198, 100
223, 200, 104
216, 197, 94
220, 199, 97
233, 210, 108
229, 203, 101
215, 200, 106
212, 196, 102
229, 206, 97
234, 210, 105
226, 206, 115
227, 206, 104
226, 202, 102
234, 209, 97
223, 203, 96
232, 209, 104
231, 207, 97
229, 207, 98
